400 0.0116
410 0.0103
420 0.0095
430 0.0086
440 0.0078000000000000005
450 0.006999999999999999
460 0.006500000000000001
470 0.0060999999999999995
480 0.0058
490 0.0058
500 0.0059
510 0.0060999999999999995
520 0.0060999999999999995
530 0.0062
540 0.0064
550 0.0075
560 0.0103
570 0.0155
580 0.0254
590 0.039599999999999996
600 0.0626
610 0.1364
620 0.2541
630 0.32380000000000003
640 0.35369999999999996
650 0.36939999999999995
660 0.37929999999999997
670 0.38799999999999996
680 0.397
690 0.4057
700 0.41340000000000005
