400 0.042699999999999995
410 0.042800000000000005
420 0.0429
430 0.043
440 0.043
450 0.0431
460 0.0432
470 0.0432
480 0.0431
490 0.0432
500 0.0432
510 0.0433
520 0.0432
530 0.0432
540 0.0434
550 0.0434
560 0.0433
570 0.0435
580 0.0435
590 0.0434
600 0.0435
610 0.0441
620 0.0441
630 0.044000000000000004
640 0.044000000000000004
650 0.044000000000000004
660 0.0441
670 0.044199999999999996
680 0.044000000000000004
690 0.044199999999999996
700 0.0441
710 0.044199999999999996
720 0.0441
730 0.044000000000000004
740 0.043899999999999995
