360 0.0915
370 0.096
380 0.1014
390 0.10619999999999999
400 0.1105
410 0.1137
420 0.1165
430 0.11939999999999999
440 0.1213
450 0.12240000000000001
460 0.12279999999999999
470 0.12279999999999999
480 0.12300000000000001
490 0.1242
500 0.1258
510 0.1274
520 0.1282
530 0.12789999999999999
540 0.1277
550 0.1275
560 0.1273
570 0.1266
580 0.1266
590 0.127
600 0.1274
610 0.1283
620 0.1288
630 0.129
640 0.1297
650 0.131
660 0.1332
670 0.1359
680 0.139
690 0.1427
700 0.1464
710 0.15
720 0.1535
730 0.156
740 0.15839999999999999
