360 0.0378
370 0.0513
380 0.0818
390 0.1508
400 0.2659
410 0.35479999999999995
420 0.38079999999999997
430 0.38630000000000003
440 0.3901
450 0.3931
460 0.39299999999999996
470 0.3925
480 0.3923
490 0.39390000000000003
500 0.39659999999999995
510 0.3996
520 0.40240000000000004
530 0.40399999999999997
540 0.40509999999999996
550 0.4047
560 0.4046
570 0.4056
580 0.4064
590 0.4065
600 0.4064
610 0.4061
620 0.4048
630 0.40409999999999996
640 0.4031
650 0.40259999999999996
660 0.4018
670 0.40049999999999997
680 0.3996
690 0.3986
700 0.3962
710 0.3956
720 0.3935
730 0.3925
740 0.3906
