360 0.051399999999999994
370 0.0669
380 0.1047
390 0.1963
400 0.35109999999999997
410 0.47840000000000005
420 0.5123
430 0.5126
440 0.5113
450 0.5112
460 0.512
470 0.5115999999999999
480 0.512
490 0.5131
500 0.5131
510 0.5136
520 0.5131
530 0.5115
540 0.511
550 0.5106
560 0.512
570 0.5136
580 0.5157
590 0.5168
600 0.5169
610 0.5159
620 0.5141
630 0.5128
640 0.5121
650 0.5118
660 0.5111
670 0.5097
680 0.5072
690 0.5058
700 0.5024000000000001
710 0.49939999999999996
720 0.49670000000000003
730 0.4936
740 0.48960000000000004
