380 0.25379999999999997
385 0.32030000000000003
390 0.4114
395 0.5373
400 0.6686
405 0.7669
410 0.8190000000000001
415 0.8531
420 0.8695
425 0.8834000000000001
430 0.8842
435 0.8823000000000001
440 0.8837
445 0.8941
450 0.9016
455 0.904
460 0.9028
465 0.8998999999999999
470 0.9014
475 0.9047
480 0.9131
485 0.9177
490 0.9163
495 0.9129
500 0.9085
505 0.9084
510 0.9104000000000001
515 0.9157
520 0.9198999999999999
525 0.9211
530 0.9179999999999999
535 0.9131999999999999
540 0.9104000000000001
545 0.9081999999999999
550 0.9085
555 0.9128000000000001
560 0.919
565 0.9231
570 0.9257
575 0.9279999999999999
580 0.9254000000000001
585 0.9229
590 0.9190999999999999
595 0.9165000000000001
600 0.9144
605 0.9146
610 0.9162
615 0.9176000000000001
620 0.9206
625 0.9235
630 0.9237000000000001
635 0.9218000000000001
640 0.9211
645 0.9195
650 0.9176000000000001
655 0.9155
660 0.9137000000000001
665 0.9116
670 0.9173
675 0.9179
680 0.9211
685 0.924
690 0.9276000000000001
695 0.9258
700 0.9244
705 0.9293
710 0.9269
715 0.9262999999999999
720 0.9243000000000001
725 0.9243000000000001
730 0.9243000000000001
735 0.9243000000000001
740 0.9243000000000001
745 0.9243000000000001
750 0.9243000000000001
755 0.9243000000000001
760 0.9243000000000001
765 0.9243000000000001
770 0.9243000000000001
775 0.9243000000000001
