380 0.0263
385 0.0273
390 0.0282
395 0.0291
400 0.0297
405 0.03
410 0.029900000000000003
415 0.0302
420 0.030299999999999997
425 0.0305
430 0.0304
435 0.0302
440 0.0302
445 0.0305
450 0.0305
455 0.030600000000000002
460 0.030600000000000002
465 0.0304
470 0.0304
475 0.030600000000000002
480 0.030699999999999998
485 0.030899999999999997
490 0.030899999999999997
495 0.0308
500 0.0305
505 0.0304
510 0.030600000000000002
515 0.031
520 0.031200000000000002
525 0.0311
530 0.030899999999999997
535 0.0308
540 0.0308
545 0.0308
550 0.0308
555 0.030699999999999998
560 0.0308
565 0.030899999999999997
570 0.030899999999999997
575 0.030899999999999997
580 0.0308
585 0.0308
590 0.030699999999999998
595 0.0305
600 0.030600000000000002
605 0.0308
610 0.030899999999999997
615 0.031
620 0.031
625 0.031
630 0.0311
635 0.0313
640 0.0313
645 0.031200000000000002
650 0.031200000000000002
655 0.0313
660 0.031400000000000004
665 0.031400000000000004
670 0.0317
675 0.0317
680 0.0318
685 0.032
690 0.0321
695 0.0322
700 0.0321
705 0.0325
710 0.0327
715 0.032799999999999996
720 0.0329
725 0.0329
730 0.0329
735 0.0329
740 0.0329
745 0.0329
750 0.0329
755 0.0329
760 0.0329
765 0.0329
770 0.0329
775 0.0329
