360 0.11560000000000001
370 0.11710000000000001
380 0.11810000000000001
390 0.1226
400 0.1232
410 0.1272
420 0.1325
430 0.1208
440 0.1259
450 0.1246
460 0.12619999999999998
470 0.1267
480 0.1258
490 0.1193
500 0.1211
510 0.1223
520 0.1265
530 0.1297
540 0.1241
550 0.12369999999999999
560 0.1293
570 0.1268
580 0.1234
590 0.12279999999999999
600 0.1193
610 0.11699999999999999
620 0.1143
630 0.11900000000000001
640 0.12050000000000001
650 0.1208
660 0.1267
670 0.1241
680 0.1153
690 0.1354
700 0.1032
710 0.1253
720 0.12710000000000002
730 0.12179999999999999
740 0.12029999999999999
