360 0.46490000000000004
370 0.4635
380 0.46799999999999997
390 0.4717
400 0.4757
410 0.4792
420 0.48119999999999996
430 0.48479999999999995
440 0.4892
450 0.4932
460 0.495
470 0.49560000000000004
480 0.49670000000000003
490 0.49810000000000004
500 0.5001
510 0.502
520 0.5051
530 0.5067
540 0.5082
550 0.5085999999999999
560 0.508
570 0.5074000000000001
580 0.5067
590 0.5057
600 0.5042
610 0.5039
620 0.5025999999999999
630 0.5003
640 0.499
650 0.4979
660 0.49579999999999996
670 0.4946
680 0.4925
690 0.4903
700 0.48729999999999996
710 0.4851
720 0.4825
730 0.4803
740 0.4772
