360 0.0363
370 0.0524
380 0.08789999999999999
390 0.17620000000000002
400 0.3608
410 0.5765
420 0.6781
430 0.7003
440 0.7084999999999999
450 0.715
460 0.7173999999999999
470 0.7187
480 0.722
490 0.7292000000000001
500 0.7397
510 0.7517
520 0.7645000000000001
530 0.7743000000000001
540 0.7811
550 0.7839
560 0.7862
570 0.7888
580 0.7883
590 0.7862
600 0.7848999999999999
610 0.785
620 0.7852
630 0.7861
640 0.7877
650 0.789
660 0.7915000000000001
670 0.7926000000000001
680 0.7929999999999999
690 0.7937000000000001
700 0.7924
710 0.792
720 0.7911
730 0.7917000000000001
740 0.7914
