360 0.0667
370 0.08349999999999999
380 0.11960000000000001
390 0.2024
400 0.35409999999999997
410 0.5009
420 0.5589
430 0.5748
440 0.5835
450 0.5932
460 0.6025
470 0.6115999999999999
480 0.6183
490 0.6245
500 0.6302
510 0.6345000000000001
520 0.6368
530 0.6377
540 0.6396000000000001
550 0.6405
560 0.6416
570 0.6444
580 0.6498
590 0.6556000000000001
600 0.6601
610 0.6654000000000001
620 0.6718000000000001
630 0.6797
640 0.6884
650 0.6978
660 0.7048000000000001
670 0.7077
680 0.7136
690 0.7225
700 0.7275
710 0.7312000000000001
720 0.7340000000000001
730 0.7372
740 0.7382
